# # frequency [invcm]  IR intensity [a.u.]
0.000000000000000000e+00  3.096934099999999717e+02
6.951569199999999782e+00  3.126426399999999717e+02
1.390313800000000022e+01  3.210757800000000088e+02
2.085470799999999869e+01  3.338616900000000101e+02
2.780627700000000146e+01  3.494522699999999986e+02
3.475784600000000069e+01  3.662703799999999887e+02
4.170941499999999991e+01  3.830625400000000127e+02
4.866098399999999913e+01  3.991129099999999994e+02
5.561255299999999835e+01  4.142719399999999723e+02
6.256412300000000215e+01  4.288221300000000156e+02
6.951569200000000137e+01  4.432592000000000212e+02
7.646726099999999349e+01  4.580863899999999944e+02
8.341882999999999981e+01  4.736982899999999859e+02
9.037039900000000614e+01  4.903781599999999798e+02
9.732196799999999826e+01  5.083753199999999879e+02
1.042735399999999970e+02  5.279910300000000234e+02
1.112251100000000008e+02  5.496018299999999499e+02
1.181766800000000046e+02  5.735862300000000005e+02
1.251282499999999942e+02  6.001779099999999971e+02
1.320798100000000090e+02  6.293166199999999435e+02
1.390313800000000128e+02  6.605836699999999837e+02
1.459829499999999882e+02  6.932797900000000482e+02
1.529345199999999920e+02  7.266414700000000266e+02
1.598860899999999958e+02  7.601236400000000231e+02
1.668376599999999996e+02  7.936344699999999648e+02
1.737892300000000034e+02  8.276146599999999580e+02
1.807408000000000072e+02  8.629094999999999800e+02
1.876923700000000110e+02  9.004658200000000079e+02
1.946439399999999864e+02  9.409614800000000514e+02
2.015955099999999902e+02  9.845081199999999626e+02
2.085470799999999940e+02  1.030542799999999943e+03
2.154986399999999946e+02  1.077949599999999919e+03
2.224502099999999984e+02  1.125363200000000006e+03
2.294017800000000022e+02  1.171535200000000032e+03
2.363533500000000060e+02  1.215634399999999914e+03
2.433049200000000098e+02  1.257387600000000020e+03
2.502564900000000137e+02  1.297049700000000030e+03
2.572080599999999890e+02  1.335265699999999924e+03
2.641596299999999928e+02  1.372921700000000101e+03
2.711111999999999966e+02  1.411067600000000084e+03
2.780627700000000004e+02  1.450931299999999965e+03
2.850143400000000042e+02  1.493973600000000033e+03
2.919659100000000080e+02  1.541890699999999924e+03
2.989174699999999802e+02  1.596482299999999896e+03
3.058690399999999840e+02  1.659364499999999907e+03
3.128206099999999878e+02  1.731591499999999996e+03
3.197721799999999917e+02  1.813314100000000053e+03
3.267237499999999955e+02  1.903616800000000012e+03
3.336753199999999993e+02  2.000624600000000100e+03
3.406268900000000031e+02  2.101876200000000154e+03
3.475784600000000069e+02  2.204863199999999779e+03
3.545300300000000107e+02  2.307575499999999920e+03
3.614816000000000145e+02  2.408890199999999822e+03
3.684331700000000183e+02  2.508702000000000226e+03
3.753847400000000221e+02  2.607780799999999999e+03
3.823362999999999943e+02  2.707423699999999826e+03
3.892878699999999981e+02  2.809020700000000033e+03
3.962394400000000019e+02  2.913654300000000148e+03
4.031910100000000057e+02  3.021828500000000076e+03
4.101425800000000095e+02  3.133377800000000207e+03
4.170941500000000133e+02  3.247566800000000057e+03
4.240457200000000171e+02  3.363357700000000023e+03
4.309972900000000209e+02  3.479787100000000009e+03
4.379488600000000247e+02  3.596358999999999924e+03
4.449004299999999716e+02  3.713327000000000226e+03
4.518519999999999754e+02  3.831728300000000218e+03
4.588035699999999792e+02  3.953074099999999817e+03
4.657551300000000083e+02  4.078704999999999927e+03
4.727067000000000121e+02  4.208965299999999843e+03
4.796582700000000159e+02  4.342490099999999984e+03
4.866098400000000197e+02  4.475952299999999923e+03
4.935614100000000235e+02  4.604534899999999652e+03
5.005129800000000273e+02  4.723165899999999965e+03
5.074645499999999743e+02  4.828239800000000287e+03
5.144161199999999781e+02  4.919275700000000143e+03
5.213676900000000387e+02  4.999849199999999655e+03
5.283192599999999857e+02  5.077277299999999741e+03
5.352708300000000463e+02  5.160915299999999661e+03
5.422223999999999933e+02  5.259428399999999783e+03
5.491739599999999655e+02  5.377842599999999948e+03
5.561255300000000261e+02  5.515362900000000081e+03
5.630770999999999731e+02  5.664781799999999748e+03
5.700286700000000337e+02  5.813802599999999984e+03
5.769802399999999807e+02  5.947955299999999625e+03
5.839318100000000413e+02  6.054214100000000144e+03
5.908833799999999883e+02  6.124170100000000275e+03
5.978349500000000489e+02  6.155770400000000336e+03
6.047865199999999959e+02  6.153148900000000140e+03
6.117380900000000565e+02  6.124751000000000204e+03
6.186896600000000035e+02  6.080523900000000140e+03
6.256412299999999505e+02  6.029194999999999709e+03
6.325927900000000363e+02  5.976510900000000220e+03
6.395443599999999833e+02  5.924841199999999844e+03
6.464959300000000439e+02  5.873979999999999563e+03
6.534474999999999909e+02  5.822543099999999868e+03
6.603990700000000516e+02  5.769227299999999559e+03
6.673506399999999985e+02  5.713400300000000243e+03
6.743022099999999455e+02  5.654897200000000339e+03
6.812537800000000061e+02  5.593314800000000105e+03
6.882053499999999531e+02  5.527321200000000317e+03
6.951569200000000137e+02  5.454449499999999716e+03
7.021084899999999607e+02  5.371559299999999894e+03
7.090600600000000213e+02  5.275787999999999556e+03
7.160116199999999935e+02  5.165559100000000399e+03
7.229631900000000542e+02  5.041178799999999683e+03
7.299147600000000011e+02  4.904759399999999914e+03
7.368663299999999481e+02  4.759534200000000055e+03
7.438179000000000087e+02  4.608913099999999758e+03
7.507694699999999557e+02  4.455729599999999664e+03
7.577210400000000163e+02  4.302000299999999697e+03
7.646726099999999633e+02  4.149225300000000061e+03
7.716241800000000239e+02  3.998958999999999833e+03
7.785757499999999709e+02  3.853227800000000116e+03
7.855273200000000315e+02  3.714443600000000060e+03
7.924788899999999785e+02  3.584734300000000076e+03
7.994304499999999507e+02  3.464946600000000217e+03
8.063820200000000114e+02  3.353808199999999943e+03
8.133335899999999583e+02  3.247735299999999825e+03
8.202851600000000190e+02  3.141533399999999801e+03
8.272367299999999659e+02  3.029853900000000067e+03
8.341883000000000266e+02  2.908913599999999860e+03
8.411398699999999735e+02  2.777824599999999919e+03
8.480914400000000342e+02  2.638994499999999789e+03
8.550430099999999811e+02  2.497408600000000206e+03
8.619945800000000418e+02  2.359036599999999908e+03
8.689461499999999887e+02  2.228951100000000224e+03
8.758977200000000494e+02  2.109845699999999852e+03
8.828492800000000216e+02  2.001466599999999971e+03
8.898008499999999685e+02  1.901102900000000091e+03
8.967524200000000292e+02  1.804871300000000019e+03
9.037039899999999761e+02  1.709250800000000027e+03
9.106555600000000368e+02  1.612279800000000023e+03
9.176071299999999837e+02  1.514013699999999972e+03
9.245587000000000444e+02  1.416172700000000077e+03
9.315102699999999913e+02  1.321228100000000040e+03
9.384618400000000520e+02  1.231364100000000008e+03
9.454134099999999989e+02  1.147741800000000012e+03
9.523649799999999459e+02  1.070310999999999922e+03
9.593165500000000065e+02  9.981618200000000343e+02
9.662681099999999788e+02  9.301860199999999850e+02
9.732196800000000394e+02  8.657276900000000524e+02
9.801712499999999864e+02  8.049479000000000042e+02
9.871228200000000470e+02  7.487851500000000442e+02
9.940743899999999940e+02  6.985726100000000542e+02
1.001025999999999954e+03  6.555023499999999785e+02
1.007977499999999964e+03  6.201597600000000057e+02
1.014929099999999949e+03  5.922914100000000417e+02
1.021880700000000047e+03  5.708566899999999578e+02
1.028832200000000057e+03  5.543024799999999459e+02
1.035783799999999928e+03  5.409344800000000077e+02
1.042735400000000027e+03  5.292537200000000439e+02
1.049686899999999923e+03  5.181707499999999982e+02
1.056638500000000022e+03  5.070724299999999971e+02
1.063590099999999893e+03  4.957694799999999873e+02
1.070541699999999992e+03  4.843782499999999800e+02
1.077493199999999888e+03  4.731881900000000201e+02
1.084444799999999987e+03  4.625482799999999770e+02
1.091396400000000085e+03  4.527844099999999798e+02
1.098347899999999981e+03  4.441459300000000212e+02
1.105299500000000080e+03  4.367746799999999894e+02
1.112251099999999951e+03  4.306907199999999989e+02
1.119202600000000075e+03  4.257911300000000097e+02
1.126154199999999946e+03  4.218600099999999884e+02
1.133105800000000045e+03  4.185891399999999862e+02
1.140057299999999941e+03  4.156103200000000015e+02
1.147008900000000040e+03  4.125423799999999801e+02
1.153960499999999911e+03  4.090544100000000185e+02
1.160912100000000009e+03  4.049408099999999990e+02
1.167863599999999906e+03  4.001926000000000272e+02
1.174815200000000004e+03  3.950392800000000193e+02
1.181766800000000103e+03  3.899333399999999870e+02
1.188718299999999999e+03  3.854617000000000075e+02
1.195669900000000098e+03  3.821936099999999783e+02
1.202621499999999969e+03  3.805050800000000208e+02
1.209573000000000093e+03  3.804398800000000165e+02
1.216524599999999964e+03  3.816653900000000021e+02
1.223476200000000063e+03  3.835528100000000222e+02
1.230427699999999959e+03  3.853653800000000160e+02
1.237379300000000057e+03  3.864928400000000011e+02
1.244330899999999929e+03  3.866472899999999981e+02
1.251282500000000027e+03  3.859461400000000140e+02
1.258233999999999924e+03  3.848504399999999919e+02
1.265185600000000022e+03  3.839830799999999726e+02
1.272137199999999893e+03  3.838981200000000058e+02
1.279088700000000017e+03  3.848881499999999960e+02
1.286040299999999888e+03  3.868970899999999915e+02
1.292991899999999987e+03  3.895600699999999961e+02
1.299943400000000111e+03  3.923425399999999854e+02
1.306894999999999982e+03  3.947189000000000192e+02
1.313846600000000080e+03  3.963280500000000188e+02
1.320798099999999977e+03  3.970654299999999921e+02
1.327749700000000075e+03  3.971026699999999892e+02
1.334701299999999947e+03  3.968503200000000106e+02
1.341652900000000045e+03  3.968856799999999794e+02
1.348604399999999941e+03  3.978602700000000141e+02
1.355556000000000040e+03  4.003919900000000212e+02
1.362507599999999911e+03  4.049470200000000091e+02
1.369459100000000035e+03  4.117304199999999810e+02
1.376410699999999906e+03  4.206214600000000132e+02
1.383362300000000005e+03  4.311942900000000236e+02
1.390313799999999901e+03  4.428436500000000251e+02
1.397265400000000000e+03  4.549917399999999930e+02
1.404217000000000098e+03  4.673047100000000000e+02
1.411168499999999995e+03  4.798264399999999910e+02
1.418120100000000093e+03  4.929617000000000075e+02
1.425071699999999964e+03  5.073112899999999854e+02
1.432023200000000088e+03  5.234461199999999508e+02
1.438974799999999959e+03  5.417603900000000294e+02
1.445926400000000058e+03  5.625247200000000021e+02
1.452877999999999929e+03  5.861631200000000490e+02
1.459829500000000053e+03  6.136398799999999483e+02
1.466781099999999924e+03  6.467367100000000164e+02
1.473732700000000023e+03  6.880001700000000255e+02
1.480684199999999919e+03  7.402776999999999816e+02
1.487635800000000017e+03  8.060013900000000149e+02
1.494587399999999889e+03  8.866174399999999878e+02
1.501538900000000012e+03  9.826614100000000462e+02
1.508490500000000111e+03  1.094842100000000073e+03
1.515442099999999982e+03  1.226109699999999975e+03
1.522393600000000106e+03  1.384158100000000104e+03
1.529345199999999977e+03  1.583347800000000007e+03
1.536296800000000076e+03  1.844874399999999923e+03
1.543248399999999947e+03  2.194284900000000107e+03
1.550199900000000071e+03  2.656172799999999825e+03
1.557151499999999942e+03  3.246859800000000178e+03
1.564103100000000040e+03  3.966780999999999949e+03
1.571054599999999937e+03  4.794779900000000453e+03
1.578006200000000035e+03  5.686346400000000358e+03
1.584957799999999907e+03  6.576967999999999847e+03
1.591909300000000030e+03  7.390438100000000304e+03
1.598860899999999901e+03  8.050557999999999993e+03
1.605812500000000000e+03  8.493653500000000349e+03
1.612763999999999896e+03  8.679015600000000632e+03
1.619715599999999995e+03  8.594901099999999133e+03
1.626667200000000093e+03  8.258904800000000250e+03
1.633618799999999965e+03  7.712981499999999869e+03
1.640570300000000088e+03  7.014694700000000012e+03
1.647521899999999960e+03  6.227015800000000127e+03
1.654473500000000058e+03  5.409041299999999865e+03
1.661424999999999955e+03  4.609377300000000105e+03
1.668376600000000053e+03  3.862960799999999836e+03
1.675328199999999924e+03  3.191068000000000211e+03
1.682279700000000048e+03  2.603540800000000218e+03
1.689231299999999919e+03  2.101979899999999816e+03
1.696182900000000018e+03  1.682816399999999931e+03
1.703134399999999914e+03  1.339613299999999981e+03
1.710086000000000013e+03  1.064446999999999889e+03
1.717037600000000111e+03  8.485944899999999507e+02
1.723989199999999983e+03  6.828968800000000101e+02
1.730940700000000106e+03  5.581111799999999903e+02
1.737892299999999977e+03  4.653776199999999790e+02
1.744843900000000076e+03  3.967483799999999974e+02
1.751795399999999972e+03  3.456236200000000167e+02
1.758747000000000071e+03  3.069533099999999877e+02
1.765698599999999942e+03  2.771560600000000250e+02
1.772650100000000066e+03  2.538172299999999950e+02
1.779601699999999937e+03  2.352999000000000080e+02
1.786553300000000036e+03  2.204061100000000124e+02
1.793504799999999932e+03  2.081715000000000089e+02
1.800456400000000031e+03  1.977995999999999981e+02
1.807407999999999902e+03  1.886819500000000005e+02
1.814359600000000000e+03  1.804299399999999878e+02
1.821311099999999897e+03  1.728651099999999872e+02
1.828262699999999995e+03  1.659558700000000044e+02
1.835214300000000094e+03  1.597257299999999987e+02
1.842165799999999990e+03  1.541729499999999859e+02
1.849117400000000089e+03  1.492312200000000075e+02
1.856068999999999960e+03  1.447763300000000015e+02
1.863020500000000084e+03  1.406611800000000017e+02
1.869972099999999955e+03  1.367521199999999908e+02
1.876923700000000053e+03  1.329471900000000062e+02
1.883875199999999950e+03  1.291725900000000138e+02
1.890826800000000048e+03  1.253689700000000045e+02
1.897778399999999920e+03  1.214830500000000058e+02
1.904730000000000018e+03  1.174743799999999965e+02
1.911681499999999915e+03  1.133344299999999976e+02
1.918633100000000013e+03  1.091057299999999941e+02
1.925584700000000112e+03  1.048872300000000024e+02
1.932536200000000008e+03  1.008191400000000044e+02
1.939487800000000107e+03  9.705199299999999596e+01
1.946439399999999978e+03  9.371276699999999948e+01
1.953390900000000101e+03  9.088210899999999981e+01
1.960342499999999973e+03  8.859018500000000529e+01
1.967294100000000071e+03  8.682858000000000231e+01
1.974245599999999968e+03  8.556802100000000166e+01
1.981197200000000066e+03  8.477036900000000230e+01
1.988148799999999937e+03  8.438861099999999738e+01
1.995100400000000036e+03  8.435701099999999997e+01
2.002051899999999932e+03  8.458024100000000089e+01
2.009003500000000031e+03  8.493143299999999840e+01
2.015955099999999902e+03  8.526450800000000640e+01
2.022906600000000026e+03  8.543842800000000182e+01
2.029858199999999897e+03  8.534471700000000283e+01
2.036809799999999996e+03  8.492777900000000102e+01
2.043761299999999892e+03  8.419089200000000517e+01
2.050712899999999991e+03  8.318713400000000036e+01
2.057664499999999862e+03  8.200034899999999993e+01
2.064615999999999985e+03  8.072378500000000656e+01
2.071567599999999857e+03  7.944264200000000642e+01
2.078519200000000183e+03  7.822289399999999659e+01
2.085470800000000054e+03  7.710520499999999799e+01
2.092422300000000178e+03  7.610153800000000501e+01
2.099373900000000049e+03  7.519343000000000643e+01
2.106325499999999920e+03  7.433349599999999668e+01
2.113277000000000044e+03  7.345311399999999935e+01
2.120228599999999915e+03  7.247803999999999292e+01
2.127180199999999786e+03  7.135005599999999504e+01
2.134131699999999910e+03  7.004854000000000269e+01
2.141083299999999781e+03  6.860367100000000562e+01
2.148034900000000107e+03  6.709445499999999640e+01
2.154986399999999776e+03  6.562977600000000677e+01
2.161938000000000102e+03  6.431718999999999653e+01
2.168889599999999973e+03  6.322931700000000177e+01
2.175841199999999844e+03  6.237905500000000103e+01
2.182792699999999968e+03  6.171190599999999904e+01
2.189744299999999839e+03  6.111769600000000224e+01
2.196695900000000165e+03  6.045756500000000244e+01
2.203647399999999834e+03  5.959768799999999800e+01
2.210599000000000160e+03  5.844027400000000227e+01
2.217550600000000031e+03  5.694455800000000067e+01
2.224502100000000155e+03  5.513437199999999905e+01
2.231453700000000026e+03  5.309262999999999977e+01
2.238405299999999897e+03  5.094546900000000278e+01
2.245356800000000021e+03  4.883973499999999746e+01
2.252308399999999892e+03  4.691756099999999918e+01
2.259260000000000218e+03  4.529173699999999769e+01
2.266211600000000089e+03  4.402574700000000263e+01
2.273163100000000213e+03  4.312234000000000123e+01
2.280114700000000084e+03  4.252372100000000188e+01
2.287066299999999956e+03  4.212427600000000183e+01
2.294017800000000079e+03  4.179360299999999739e+01
2.300969399999999951e+03  4.140444600000000008e+01
2.307920999999999822e+03  4.085829499999999825e+01
2.314872499999999945e+03  4.010197500000000304e+01
2.321824099999999817e+03  3.913141600000000153e+01
2.328775700000000143e+03  3.798307400000000200e+01
2.335727199999999812e+03  3.671730600000000067e+01
2.342678800000000138e+03  3.540007500000000107e+01
2.349630400000000009e+03  3.408879799999999705e+01
2.356581900000000132e+03  3.282552700000000101e+01
2.363533500000000004e+03  3.163729599999999920e+01
2.370485099999999875e+03  3.054077799999999954e+01
2.377436700000000201e+03  2.954752900000000082e+01
2.384388199999999870e+03  2.866698299999999833e+01
2.391339800000000196e+03  2.790634400000000070e+01
2.398291400000000067e+03  2.726835099999999912e+01
2.405242900000000191e+03  2.674884199999999979e+01
2.412194500000000062e+03  2.633571200000000090e+01
2.419146099999999933e+03  2.600981399999999866e+01
2.426097600000000057e+03  2.574727499999999836e+01
2.433049199999999928e+03  2.552222400000000135e+01
2.440000799999999799e+03  2.530923500000000104e+01
2.446952299999999923e+03  2.508547300000000035e+01
2.453903899999999794e+03  2.483306500000000128e+01
2.460855500000000120e+03  2.454210000000000136e+01
2.467807099999999991e+03  2.421399900000000116e+01
2.474758600000000115e+03  2.386406200000000055e+01
2.481710199999999986e+03  2.352158899999999875e+01
2.488661799999999857e+03  2.322632199999999969e+01
2.495613299999999981e+03  2.302122100000000060e+01
2.502564899999999852e+03  2.294308900000000051e+01
2.509516500000000178e+03  2.301376199999999983e+01
2.516467999999999847e+03  2.323473100000000002e+01
2.523419600000000173e+03  2.358706700000000112e+01
2.530371200000000044e+03  2.403683300000000145e+01
2.537322700000000168e+03  2.454428100000000157e+01
2.544274300000000039e+03  2.507398600000000144e+01
2.551225899999999911e+03  2.560291399999999840e+01
2.558177499999999782e+03  2.612428200000000089e+01
2.565128999999999905e+03  2.664652399999999943e+01
2.572080599999999777e+03  2.718812799999999896e+01
2.579032200000000103e+03  2.777013499999999979e+01
2.585983700000000226e+03  2.840844600000000142e+01
2.592935300000000097e+03  2.910790700000000086e+01
2.599886899999999969e+03  2.985956699999999842e+01
2.606838400000000092e+03  3.064176600000000050e+01
2.613789999999999964e+03  3.142486200000000096e+01
2.620741599999999835e+03  3.217859399999999681e+01
2.627693099999999959e+03  3.288023499999999899e+01
2.634644699999999830e+03  3.352121999999999957e+01
2.641596300000000156e+03  3.410999000000000336e+01
2.648547900000000027e+03  3.466963899999999654e+01
2.655499400000000151e+03  3.523056199999999905e+01
2.662451000000000022e+03  3.582013899999999751e+01
2.669402599999999893e+03  3.645300799999999697e+01
2.676354100000000017e+03  3.712570000000000192e+01
2.683305699999999888e+03  3.781823899999999838e+01
2.690257300000000214e+03  3.850273200000000173e+01
2.697208799999999883e+03  3.915612399999999838e+01
2.704160400000000209e+03  3.977215900000000204e+01
2.711112000000000080e+03  4.036740000000000350e+01
2.718063500000000204e+03  4.097811200000000298e+01
2.725015100000000075e+03  4.164834900000000317e+01
2.731966699999999946e+03  4.241333300000000150e+01
2.738918299999999817e+03  4.328454299999999932e+01
2.745869799999999941e+03  4.424281700000000228e+01
2.752821399999999812e+03  4.524291199999999691e+01
2.759773000000000138e+03  4.622864899999999722e+01
2.766724499999999807e+03  4.715349599999999697e+01
2.773676100000000133e+03  4.799911399999999873e+01
2.780627700000000004e+03  4.878500199999999865e+01
2.787579200000000128e+03  4.956560600000000250e+01
2.794530799999999999e+03  5.041593699999999956e+01
2.801482399999999870e+03  5.141081700000000154e+01
2.808433899999999994e+03  5.260493400000000008e+01
2.815385499999999865e+03  5.402004900000000021e+01
2.822337100000000191e+03  5.564259400000000255e+01
2.829288700000000063e+03  5.743091700000000088e+01
2.836240200000000186e+03  5.932811399999999935e+01
2.843191800000000057e+03  6.127510300000000143e+01
2.850143399999999929e+03  6.321947300000000070e+01
2.857094900000000052e+03  6.511817299999999875e+01
2.864046499999999924e+03  6.693503099999999506e+01
2.870998099999999795e+03  6.863626700000000369e+01
2.877949599999999919e+03  7.018780900000000145e+01
2.884901199999999790e+03  7.155727400000000671e+01
2.891852800000000116e+03  7.272142100000000653e+01
2.898804299999999785e+03  7.367744399999999416e+01
2.905755900000000111e+03  7.445452000000000226e+01
2.912707499999999982e+03  7.512104899999999930e+01
2.919659099999999853e+03  7.578345799999999599e+01
2.926610599999999977e+03  7.657433199999999829e+01
2.933562199999999848e+03  7.763063300000000311e+01
2.940513800000000174e+03  7.906619899999999745e+01
2.947465299999999843e+03  8.094554499999999564e+01
2.954416900000000169e+03  8.326694700000000182e+01
2.961368500000000040e+03  8.596108099999999297e+01
2.968320000000000164e+03  8.890718999999999994e+01
2.975271600000000035e+03  9.196289199999999653e+01
2.982223199999999906e+03  9.499856699999999421e+01
2.989174700000000030e+03  9.792496699999999521e+01
2.996126299999999901e+03  1.007047400000000010e+02
3.003077900000000227e+03  1.033446600000000046e+02
3.010029500000000098e+03  1.058731400000000065e+02
3.016981000000000222e+03  1.083142100000000028e+02
3.023932600000000093e+03  1.106704100000000039e+02
3.030884199999999964e+03  1.129233399999999961e+02
3.037835700000000088e+03  1.150519900000000035e+02
3.044787299999999959e+03  1.170596400000000017e+02
3.051738899999999830e+03  1.189951499999999953e+02
3.058690399999999954e+03  1.209557899999999933e+02
3.065641999999999825e+03  1.230666300000000035e+02
3.072593600000000151e+03  1.254434799999999939e+02
3.079545099999999820e+03  1.281550599999999918e+02
3.086496700000000146e+03  1.312032800000000066e+02
3.093448300000000017e+03  1.345341300000000047e+02
3.100399899999999889e+03  1.380792800000000113e+02
3.107351400000000012e+03  1.418149099999999976e+02
3.114302999999999884e+03  1.458153900000000078e+02
3.121254600000000210e+03  1.502798500000000104e+02
3.128206099999999878e+03  1.555187799999999925e+02
3.135157700000000204e+03  1.619022199999999998e+02
3.142109300000000076e+03  1.697848500000000058e+02
3.149060800000000199e+03  1.794305899999999951e+02
3.156012400000000071e+03  1.909586099999999931e+02
3.162963999999999942e+03  2.043250600000000077e+02
3.169915500000000065e+03  2.193441400000000101e+02
3.176867099999999937e+03  2.357426000000000101e+02
3.183818699999999808e+03  2.532352300000000014e+02
3.190770300000000134e+03  2.716056800000000067e+02
3.197721799999999803e+03  2.907748399999999833e+02
3.204673400000000129e+03  3.108381400000000099e+02
3.211625000000000000e+03  3.320539699999999925e+02
3.218576500000000124e+03  3.547720199999999977e+02
3.225528099999999995e+03  3.793044399999999996e+02
3.232479699999999866e+03  4.057638099999999781e+02
3.239431199999999990e+03  4.339140400000000000e+02
3.246382799999999861e+03  4.630930900000000179e+02
3.253334400000000187e+03  4.922604400000000169e+02
3.260285899999999856e+03  5.201928199999999833e+02
3.267237500000000182e+03  5.458056000000000267e+02
3.274189100000000053e+03  5.685273399999999810e+02
3.281140600000000177e+03  5.886235699999999724e+02
3.288092200000000048e+03  6.073667400000000498e+02
3.295043799999999919e+03  6.269884600000000319e+02
3.301995399999999790e+03  6.504157800000000407e+02
3.308946899999999914e+03  6.808632999999999811e+02
3.315898499999999785e+03  7.214003800000000410e+02
3.322850100000000111e+03  7.746195400000000291e+02
3.329801599999999780e+03  8.424956700000000183e+02
3.336753200000000106e+03  9.264605900000000247e+02
3.343704799999999977e+03  1.027649699999999939e+03
3.350656300000000101e+03  1.147230399999999918e+03
3.357607899999999972e+03  1.286712399999999889e+03
3.364559499999999844e+03  1.448155999999999949e+03
3.371510999999999967e+03  1.634234200000000101e+03
3.378462599999999838e+03  1.848127099999999928e+03
3.385414200000000164e+03  2.093244999999999891e+03
3.392365800000000036e+03  2.372771999999999935e+03
3.399317300000000159e+03  2.689027999999999793e+03
3.406268900000000031e+03  3.042673099999999977e+03
3.413220499999999902e+03  3.431836499999999887e+03
3.420172000000000025e+03  3.851330500000000029e+03
3.427123599999999897e+03  4.292174100000000180e+03
3.434075200000000223e+03  4.741658599999999751e+03
3.441026699999999892e+03  5.184120200000000295e+03
3.447978300000000218e+03  5.602428799999999683e+03
3.454929900000000089e+03  5.980007300000000214e+03
3.461881400000000212e+03  6.303012399999999616e+03
3.468833000000000084e+03  6.562210799999999836e+03
3.475784599999999955e+03  6.754114599999999882e+03
3.482736199999999826e+03  6.881094500000000153e+03
3.489687699999999950e+03  6.950440300000000207e+03
3.496639299999999821e+03  6.972592400000000453e+03
3.503590900000000147e+03  6.958962700000000041e+03
3.510542399999999816e+03  6.919835900000000038e+03
3.517494000000000142e+03  6.862776600000000144e+03
3.524445600000000013e+03  6.791808200000000397e+03
3.531397100000000137e+03  6.707415600000000268e+03
3.538348700000000008e+03  6.607246799999999894e+03
3.545300299999999879e+03  6.487262999999999920e+03
3.552251800000000003e+03  6.343058699999999590e+03
3.559203399999999874e+03  6.171100000000000364e+03
3.566155000000000200e+03  5.969698099999999613e+03
3.573106600000000071e+03  5.739608599999999569e+03
3.580058100000000195e+03  5.484205500000000029e+03
3.587009700000000066e+03  5.209232200000000375e+03
3.593961299999999937e+03  4.922176900000000387e+03
3.600912800000000061e+03  4.631372000000000298e+03
3.607864399999999932e+03  4.344966000000000349e+03
3.614815999999999804e+03  4.069950400000000172e+03
3.621767499999999927e+03  3.811421100000000024e+03
3.628719099999999798e+03  3.572207699999999932e+03
3.635670700000000124e+03  3.352911000000000058e+03
3.642622199999999793e+03  3.152292800000000170e+03
3.649573800000000119e+03  2.967873500000000149e+03
3.656525399999999991e+03  2.796559999999999945e+03
3.663476999999999862e+03  2.635153999999999996e+03
3.670428499999999985e+03  2.480660600000000159e+03
3.677380099999999857e+03  2.330409599999999955e+03
3.684331700000000183e+03  2.182071600000000217e+03
3.691283199999999852e+03  2.033673900000000003e+03
3.698234800000000178e+03  1.883693600000000060e+03
3.705186400000000049e+03  1.731241800000000012e+03
3.712137900000000172e+03  1.576285900000000083e+03
3.719089500000000044e+03  1.419812400000000025e+03
3.726041099999999915e+03  1.263841200000000072e+03
3.732992600000000039e+03  1.111238000000000056e+03
3.739944199999999910e+03  9.653431799999999612e+02
3.746895799999999781e+03  8.294906399999999849e+02
3.753847400000000107e+03  7.065251399999999649e+02
3.760798899999999776e+03  5.984210199999999986e+02
3.767750500000000102e+03  5.060714600000000019e+02
3.774702099999999973e+03  4.292686199999999985e+02
3.781653600000000097e+03  3.668503799999999728e+02
3.788605199999999968e+03  3.169615400000000136e+02
3.795556799999999839e+03  2.773684900000000084e+02
3.802508299999999963e+03  2.457725100000000111e+02
3.809459899999999834e+03  2.200789900000000046e+02
3.816411500000000160e+03  1.985928600000000017e+02
3.823362999999999829e+03  1.801218000000000075e+02
3.830314600000000155e+03  1.639806000000000097e+02
3.837266200000000026e+03  1.499051399999999887e+02
3.844217799999999897e+03  1.379007200000000068e+02
3.851169300000000021e+03  1.280649500000000103e+02
3.858120899999999892e+03  1.204314300000000060e+02
3.865072500000000218e+03  1.148740399999999937e+02
3.872023999999999887e+03  1.110918599999999969e+02
3.878975600000000213e+03  1.086678200000000061e+02
3.885927200000000084e+03  1.071706099999999964e+02
3.892878700000000208e+03  1.062566000000000059e+02
3.899830300000000079e+03  1.057334100000000063e+02
3.906781899999999951e+03  1.055648599999999959e+02
3.913733400000000074e+03  1.058215399999999988e+02
3.920684999999999945e+03  1.066014799999999951e+02
3.927636599999999817e+03  1.079534900000000022e+02
3.934588200000000143e+03  1.098302999999999940e+02
3.941539699999999812e+03  1.120831500000000034e+02
3.948491300000000138e+03  1.144920000000000044e+02
3.955442900000000009e+03  1.168136099999999971e+02
3.962394400000000132e+03  1.188275100000000037e+02
3.969346000000000004e+03  1.203659399999999948e+02
3.976297599999999875e+03  1.213242400000000032e+02
3.983249099999999999e+03  1.216571299999999951e+02
3.990200699999999870e+03  1.213693499999999972e+02
3.997152300000000196e+03  1.205073399999999992e+02
4.004103799999999865e+03  1.191531499999999966e+02
4.011055400000000191e+03  1.174176199999999994e+02
4.018007000000000062e+03  1.154286500000000046e+02
4.024958599999999933e+03  1.133133399999999966e+02
4.031910100000000057e+03  1.111770900000000069e+02
4.038861699999999928e+03  1.090858300000000014e+02
4.045813299999999799e+03  1.070576700000000017e+02
4.052764799999999923e+03  1.050664699999999954e+02
4.059716399999999794e+03  1.030553599999999932e+02
4.066668000000000120e+03  1.009542000000000002e+02
4.073619499999999789e+03  9.869468299999999772e+01
4.080571100000000115e+03  9.621917999999999438e+01
4.087522699999999986e+03  9.348373100000000591e+01
4.094474200000000110e+03  9.045871300000000303e+01
4.101425799999999981e+03  8.713145299999999338e+01
4.108377400000000307e+03  8.351266999999999996e+01
4.115328999999999724e+03  7.964480600000000265e+01
4.122280499999999847e+03  7.560727799999999377e+01
4.129232100000000173e+03  7.151323299999999961e+01
4.136183699999999590e+03  6.749505299999999863e+01
4.143135199999999713e+03  6.368054399999999760e+01
4.150086800000000039e+03  6.016612099999999685e+01
4.157038400000000365e+03  5.699547100000000199e+01
4.163989899999999579e+03  5.415097200000000299e+01
4.170941499999999905e+03  5.156108100000000150e+01
4.177893100000000231e+03  4.912172600000000244e+01
4.184844600000000355e+03  4.672538099999999872e+01
4.191796199999999772e+03  4.428948299999999705e+01
4.198747800000000097e+03  4.177667799999999687e+01
4.205699300000000221e+03  3.920223099999999761e+01
4.212650899999999638e+03  3.662778899999999993e+01
4.219602499999999964e+03  3.414404400000000095e+01
4.226554100000000290e+03  3.184721800000000158e+01
4.233505600000000413e+03  2.981513100000000094e+01
4.240457199999999830e+03  2.808833200000000119e+01
4.247408800000000156e+03  2.666041900000000098e+01
4.254360300000000279e+03  2.547963700000000031e+01
4.261311899999999696e+03  2.446128200000000064e+01
4.268263500000000022e+03  2.350782799999999995e+01
4.275215000000000146e+03  2.253160199999999946e+01
4.282166599999999562e+03  2.147396200000000022e+01
4.289118199999999888e+03  2.031580699999999950e+01
4.296069700000000012e+03  1.907676199999999866e+01
4.303021300000000338e+03  1.780388500000000107e+01
4.309972899999999754e+03  1.655403199999999941e+01
4.316924500000000080e+03  1.537588500000000025e+01
4.323876000000000204e+03  1.429735799999999912e+01
4.330827599999999620e+03  1.332182300000000019e+01
4.337779199999999946e+03  1.243317300000000003e+01
4.344730700000000070e+03  1.160661799999999921e+01
4.351682300000000396e+03  1.082042900000000074e+01
4.358633899999999812e+03  1.006413900000000083e+01
4.365585399999999936e+03  9.340676600000000107e+00
4.372537000000000262e+03  8.662597099999999273e+00
4.379488599999999678e+03  8.044809100000000157e+00
4.386440099999999802e+03  7.497154700000000283e+00
4.393391700000000128e+03  7.019728399999999979e+00
4.400343300000000454e+03  6.602303899999999892e+00
4.407294899999999870e+03  6.227485299999999668e+00
4.414246399999999994e+03  5.875929400000000413e+00
4.421198000000000320e+03  5.531578900000000409e+00
4.428149599999999737e+03  5.185261999999999816e+00
4.435101099999999860e+03  4.835880099999999793e+00
4.442052700000000186e+03  4.489294499999999744e+00
4.449004299999999603e+03  4.155630099999999771e+00
4.455955799999999726e+03  3.845944900000000111e+00
4.462907400000000052e+03  3.569161699999999993e+00
4.469859000000000378e+03  3.329941199999999935e+00
4.476810499999999593e+03  3.127894299999999905e+00
4.483762099999999919e+03  2.958212300000000017e+00
4.490713700000000244e+03  2.813438300000000059e+00
4.497665299999999661e+03  2.685783400000000043e+00
4.504616799999999785e+03  2.569204200000000160e+00
4.511568400000000111e+03  2.460529900000000048e+00
4.518520000000000437e+03  2.359286700000000181e+00
4.525471499999999651e+03  2.266404300000000038e+00
4.532423099999999977e+03  2.182482400000000045e+00
4.539374700000000303e+03  2.106491500000000183e+00
4.546326200000000426e+03  2.035566100000000045e+00
4.553277799999999843e+03  1.965999199999999947e+00
4.560229400000000169e+03  1.894920200000000055e+00
4.567180900000000292e+03  1.821762499999999951e+00
4.574132499999999709e+03  1.748702399999999990e+00
4.581084100000000035e+03  1.679753199999999946e+00
4.588035700000000361e+03  1.618893099999999974e+00
4.594987199999999575e+03  1.568114699999999972e+00
4.601938799999999901e+03  1.526366300000000065e+00
4.608890400000000227e+03  1.489930699999999941e+00
4.615841900000000351e+03  1.454092600000000068e+00
4.622793499999999767e+03  1.415310400000000080e+00
4.629745100000000093e+03  1.372863799999999967e+00
4.636696600000000217e+03  1.329209400000000096e+00
4.643648199999999633e+03  1.288900799999999958e+00
4.650599799999999959e+03  1.256604199999999949e+00
4.657551300000000083e+03  1.235131399999999990e+00
4.664502900000000409e+03  1.224343699999999924e+00
4.671454499999999825e+03  1.221320799999999984e+00
4.678406100000000151e+03  1.221584599999999909e+00
4.685357600000000275e+03  1.220728400000000047e+00
4.692309199999999691e+03  1.215720499999999982e+00
4.699260800000000017e+03  1.205422999999999911e+00
4.706212300000000141e+03  1.190316200000000046e+00
4.713163899999999558e+03  1.171786100000000053e+00
4.720115499999999884e+03  1.151449900000000026e+00
4.727067000000000007e+03  1.130831900000000001e+00
4.734018600000000333e+03  1.111398300000000061e+00
4.740970199999999750e+03  1.094706200000000074e+00
4.747921699999999873e+03  1.082370000000000054e+00
4.754873300000000199e+03  1.075703400000000087e+00
4.761824899999999616e+03  1.075157900000000000e+00
4.768776499999999942e+03  1.079867300000000085e+00
4.775728000000000065e+03  1.087612800000000046e+00
4.782679600000000391e+03  1.095332999999999890e+00
4.789631199999999808e+03  1.100028900000000087e+00
4.796582699999999932e+03  1.099705099999999991e+00
4.803534300000000258e+03  1.093960899999999903e+00
4.810485899999999674e+03  1.084011300000000011e+00
4.817437399999999798e+03  1.072176999999999936e+00
4.824389000000000124e+03  1.061102100000000048e+00
4.831340600000000450e+03  1.053026800000000041e+00
4.838292099999999664e+03  1.049352499999999910e+00
4.845243699999999990e+03  1.050545599999999968e+00
4.852195300000000316e+03  1.056268299999999938e+00
4.859146899999999732e+03  1.065565099999999932e+00
4.866098399999999856e+03  1.077000200000000074e+00
4.873050000000000182e+03  1.088756099999999893e+00
4.880001599999999598e+03  1.098791199999999968e+00
4.886953099999999722e+03  1.105138900000000035e+00
4.893904700000000048e+03  1.106329700000000082e+00
4.900856300000000374e+03  1.101799200000000090e+00
4.907807799999999588e+03  1.092089499999999935e+00
4.914759399999999914e+03  1.078712700000000080e+00
4.921711000000000240e+03  1.063697399999999904e+00
4.928662500000000364e+03  1.048999900000000096e+00
4.935614099999999780e+03  1.036038400000000026e+00
4.942565700000000106e+03  1.025553299999999890e+00
4.949517300000000432e+03  1.017830100000000071e+00
4.956468799999999646e+03  1.013136800000000060e+00
4.963420399999999972e+03  1.012118300000000026e+00
4.970372000000000298e+03  1.015924300000000002e+00
4.977323500000000422e+03  1.025992999999999933e+00
4.984275099999999838e+03  1.043601900000000082e+00
4.991226700000000164e+03  1.069420700000000002e+00
4.998178200000000288e+03  1.103291800000000045e+00
5.005129799999999705e+03  1.144345699999999910e+00
5.012081400000000031e+03  1.191376599999999897e+00
5.019032900000000154e+03  1.243283799999999939e+00
5.025984499999999571e+03  1.299364900000000045e+00
5.032936099999999897e+03  1.359345699999999990e+00
5.039887700000000223e+03  1.423176599999999903e+00
5.046839200000000346e+03  1.490745399999999998e+00
5.053790799999999763e+03  1.561671800000000054e+00
5.060742400000000089e+03  1.635280599999999973e+00
5.067693900000000212e+03  1.710726100000000027e+00
5.074645499999999629e+03  1.787149400000000110e+00
5.081597099999999955e+03  1.863738200000000012e+00
5.088548600000000079e+03  1.939627400000000002e+00
5.095500200000000405e+03  2.013683400000000123e+00
5.102451799999999821e+03  2.084294600000000219e+00
5.109403299999999945e+03  2.149293300000000073e+00
5.116354900000000271e+03  2.206068300000000093e+00
5.123306499999999687e+03  2.251833200000000090e+00
5.130257999999999811e+03  2.283948599999999995e+00
5.137209600000000137e+03  2.300195899999999849e+00
5.144161199999999553e+03  2.298957899999999999e+00
5.151112799999999879e+03  2.279336799999999830e+00
5.158064300000000003e+03  2.241273300000000024e+00
5.165015900000000329e+03  2.185707799999999867e+00
5.171967499999999745e+03  2.114746699999999979e+00
5.178918999999999869e+03  2.031724599999999992e+00
5.185870600000000195e+03  1.941033800000000031e+00
5.192822199999999611e+03  1.847655999999999965e+00
5.199773699999999735e+03  1.756452700000000089e+00
5.206725300000000061e+03  1.671388300000000049e+00
5.213676900000000387e+03  1.594919399999999987e+00
5.220628399999999601e+03  1.527732499999999938e+00
5.227579999999999927e+03  1.468892700000000051e+00
5.234531600000000253e+03  1.416313600000000061e+00
5.241483199999999670e+03  1.367358099999999910e+00
5.248434699999999793e+03  1.319374400000000058e+00
5.255386300000000119e+03  1.270047499999999996e+00
5.262337900000000445e+03  1.217561600000000022e+00
5.269289399999999659e+03  1.160659200000000002e+00
5.276240999999999985e+03  1.098695900000000059e+00
5.283192600000000311e+03  1.031737899999999986e+00
5.290144100000000435e+03  9.606632699999999581e-01
5.297095699999999852e+03  8.871693899999999466e-01
5.304047300000000178e+03  8.136008500000000421e-01
5.310998800000000301e+03  7.425807800000000514e-01
5.317950399999999718e+03  6.765288999999999886e-01
5.324902000000000044e+03  6.172149999999999581e-01
5.331853600000000370e+03  5.654940000000000522e-01
5.338805099999999584e+03  5.212971499999999869e-01
5.345756699999999910e+03  4.838500800000000157e-01
5.352708300000000236e+03  4.520064999999999777e-01
5.359659800000000359e+03  4.245642299999999869e-01
5.366611399999999776e+03  4.004731899999999789e-01
5.373563000000000102e+03  3.789204199999999800e-01
5.380514500000000226e+03  3.593404900000000124e-01
5.387466099999999642e+03  3.414152100000000245e-01
5.394417699999999968e+03  3.250932300000000108e-01
5.401369200000000092e+03  3.106057199999999741e-01
5.408320800000000418e+03  2.984204500000000038e-01
5.415272399999999834e+03  2.890896600000000261e-01
5.422224000000000160e+03  2.830046999999999979e-01
5.429175500000000284e+03  2.801381900000000091e-01
5.436127099999999700e+03  2.798900899999999803e-01
5.443078700000000026e+03  2.811291899999999733e-01
5.450030200000000150e+03  2.824435000000000140e-01
5.456981799999999566e+03  2.825173100000000215e-01
5.463933399999999892e+03  2.804906799999999922e-01
5.470884900000000016e+03  2.761603400000000041e-01
5.477836500000000342e+03  2.699513399999999841e-01
5.484788099999999758e+03  2.626897599999999944e-01
5.491739599999999882e+03  2.552894299999999839e-01
5.498691200000000208e+03  2.484891100000000130e-01
5.505642799999999625e+03  2.427340900000000135e-01
5.512594399999999951e+03  2.382136400000000043e-01
5.519545900000000074e+03  2.349882399999999871e-01
5.526497500000000400e+03  2.331075800000000087e-01
5.533449099999999817e+03  2.326445400000000108e-01
5.540400599999999940e+03  2.336325700000000116e-01
5.547352200000000266e+03  2.359567399999999981e-01
5.554303799999999683e+03  2.392769600000000108e-01
5.561255299999999806e+03  2.430421000000000109e-01
5.568206900000000132e+03  2.466013499999999969e-01
5.575158499999999549e+03  2.493647999999999976e-01
5.582109999999999673e+03  2.509402299999999864e-01
5.589061599999999999e+03  2.511889099999999875e-01
5.596013200000000325e+03  2.501883500000000038e-01
5.602964799999999741e+03  2.481366700000000036e-01
5.609916299999999865e+03  2.452563799999999961e-01
5.616867900000000191e+03  2.417438399999999876e-01
5.623819499999999607e+03  2.377755500000000022e-01
5.630770999999999731e+03  2.335460799999999892e-01
5.637722600000000057e+03  2.292967200000000094e-01
5.644674200000000383e+03  2.253058500000000020e-01
5.651625699999999597e+03  2.218409600000000037e-01
5.658577299999999923e+03  2.190996400000000122e-01
5.665528900000000249e+03  2.171732799999999963e-01
5.672480400000000373e+03  2.160519300000000031e-01
5.679431999999999789e+03  2.156607899999999911e-01
5.686383600000000115e+03  2.158986200000000133e-01
5.693335200000000441e+03  2.166491000000000111e-01
5.700286699999999655e+03  2.177575499999999942e-01
5.707238299999999981e+03  2.189937700000000043e-01
5.714189900000000307e+03  2.200381999999999894e-01
5.721141400000000431e+03  2.205203599999999986e-01
5.728092999999999847e+03  2.201094700000000015e-01
5.735044600000000173e+03  2.186233399999999993e-01
5.741996100000000297e+03  2.161042999999999992e-01
5.748947699999999713e+03  2.128217900000000107e-01
5.755899300000000039e+03  2.091958299999999993e-01
5.762850800000000163e+03  2.056752000000000025e-01
5.769802399999999579e+03  2.026263399999999881e-01
5.776753999999999905e+03  2.002799600000000069e-01
5.783705600000000231e+03  1.987479600000000013e-01
5.790657100000000355e+03  1.980819900000000133e-01
5.797608699999999772e+03  1.983220900000000064e-01
5.804560300000000097e+03  1.994924899999999945e-01
5.811511800000000221e+03  2.015381599999999940e-01
5.818463399999999638e+03  2.042381899999999861e-01
5.825414999999999964e+03  2.071569099999999997e-01
5.832366500000000087e+03  2.096825099999999886e-01
5.839318100000000413e+03  2.111619200000000030e-01
5.846269699999999830e+03  2.110891699999999926e-01
5.853221199999999953e+03  2.092714400000000030e-01
5.860172800000000279e+03  2.059000300000000117e-01
5.867124399999999696e+03  2.014933200000000035e-01
5.874076000000000022e+03  1.967345100000000013e-01
5.881027500000000146e+03  1.922714500000000104e-01
5.887979099999999562e+03  1.885567800000000072e-01
5.894930699999999888e+03  1.857813500000000118e-01
5.901882200000000012e+03  1.839062200000000091e-01
5.908833800000000338e+03  1.827556999999999932e-01
5.915785399999999754e+03  1.821153399999999867e-01
5.922736899999999878e+03  1.817917099999999953e-01
5.929688500000000204e+03  1.816235599999999895e-01
5.936640099999999620e+03  1.814654199999999884e-01
5.943591599999999744e+03  1.811770600000000009e-01
5.950543200000000070e+03  1.806399800000000055e-01
5.957494800000000396e+03  1.797960600000000075e-01
5.964446399999999812e+03  1.786809299999999878e-01
5.971397899999999936e+03  1.774214100000000016e-01
5.978349500000000262e+03  1.761853499999999906e-01
5.985301099999999678e+03  1.751012299999999966e-01
5.992252599999999802e+03  1.741873999999999922e-01
5.999204200000000128e+03  1.733309799999999956e-01
6.006155800000000454e+03  1.723334499999999991e-01
6.013107299999999668e+03  1.710056500000000090e-01
6.020058899999999994e+03  1.692682199999999970e-01
6.027010500000000320e+03  1.672091900000000075e-01
6.033962000000000444e+03  1.650716999999999879e-01
6.040913599999999860e+03  1.631790700000000094e-01
6.047865200000000186e+03  1.618341500000000099e-01
6.054816700000000310e+03  1.612385199999999963e-01
6.061768299999999726e+03  1.614625799999999944e-01
6.068719900000000052e+03  1.624674899999999922e-01
6.075671500000000378e+03  1.641543099999999977e-01
6.082622999999999593e+03  1.664062000000000041e-01
6.089574599999999919e+03  1.691014899999999932e-01
6.096526200000000244e+03  1.720994799999999991e-01
6.103477700000000368e+03  1.752211999999999936e-01
6.110429299999999785e+03  1.782515400000000139e-01
6.117380900000000111e+03  1.809749200000000113e-01
6.124332400000000234e+03  1.832326099999999902e-01
6.131283999999999651e+03  1.849718399999999985e-01
6.138235599999999977e+03  1.862562600000000068e-01
6.145187100000000100e+03  1.872260500000000050e-01
6.152138700000000426e+03  1.880234500000000086e-01
6.159090299999999843e+03  1.887204500000000118e-01
6.166041900000000169e+03  1.892866500000000007e-01
6.172993400000000292e+03  1.896162100000000073e-01
6.179944999999999709e+03  1.896018899999999952e-01
6.186896600000000035e+03  1.892197700000000093e-01
6.193848100000000159e+03  1.885812099999999991e-01
6.200799699999999575e+03  1.879248199999999924e-01
6.207751299999999901e+03  1.875496299999999950e-01
6.214702800000000025e+03  1.877176799999999979e-01
6.221654400000000351e+03  1.885659699999999994e-01
6.228605999999999767e+03  1.900597300000000101e-01
6.235557499999999891e+03  1.919982399999999867e-01
6.242509100000000217e+03  1.940631499999999898e-01
6.249460699999999633e+03  1.958883700000000061e-01
6.256412299999999959e+03  1.971333100000000060e-01
6.263363800000000083e+03  1.975518699999999905e-01
6.270315400000000409e+03  1.970568600000000004e-01
6.277266999999999825e+03  1.957774999999999932e-01
6.284218499999999949e+03  1.940956400000000137e-01
6.291170100000000275e+03  1.926354100000000069e-01
6.298121699999999691e+03  1.921814799999999879e-01
6.305073199999999815e+03  1.935202900000000115e-01
6.312024800000000141e+03  1.972321999999999964e-01
6.318976399999999558e+03  2.034947199999999901e-01
6.325927899999999681e+03  2.119706600000000052e-01
6.332879500000000007e+03  2.218379400000000112e-01
6.339831100000000333e+03  2.319724599999999914e-01
6.346782699999999750e+03  2.412386800000000109e-01
6.353734199999999873e+03  2.487977700000000014e-01
6.360685800000000199e+03  2.543320299999999867e-01
6.367637399999999616e+03  2.581114299999999750e-01
6.374588899999999740e+03  2.608842399999999895e-01
6.381540500000000065e+03  2.636355799999999805e-01
6.388492100000000391e+03  2.673002300000000275e-01
6.395443599999999606e+03  2.725236300000000167e-01
6.402395199999999932e+03  2.795382699999999776e-01
6.409346800000000258e+03  2.881748399999999877e-01
6.416298300000000381e+03  2.979801300000000097e-01
6.423249899999999798e+03  3.083850200000000097e-01
6.430201500000000124e+03  3.188627099999999936e-01
6.437153100000000450e+03  3.290366800000000258e-01
6.444104599999999664e+03  3.387260899999999797e-01
6.451056199999999990e+03  3.479411700000000218e-01
6.458007800000000316e+03  3.568526300000000040e-01
6.464959300000000439e+03  3.657569399999999749e-01
6.471910899999999856e+03  3.750473300000000121e-01
6.478862500000000182e+03  3.851876200000000083e-01
6.485814000000000306e+03  3.966774900000000215e-01
6.492765599999999722e+03  4.099979200000000157e-01
6.499717200000000048e+03  4.255333700000000219e-01
6.506668700000000172e+03  4.434800799999999987e-01
6.513620299999999588e+03  4.637627500000000014e-01
6.520571899999999914e+03  4.859901899999999886e-01
6.527523500000000240e+03  5.094796000000000324e-01
6.534475000000000364e+03  5.333665300000000054e-01
6.541426599999999780e+03  5.567933000000000465e-01
6.548378200000000106e+03  5.791404999999999470e-01
6.555329700000000230e+03  6.002418099999999868e-01
6.562281299999999646e+03  6.205151199999999756e-01
6.569232899999999972e+03  6.409581899999999832e-01
6.576184400000000096e+03  6.629943499999999545e-01
6.583136000000000422e+03  6.882011900000000182e-01
6.590087599999999838e+03  7.179944400000000115e-01
6.597039099999999962e+03  7.533545000000000380e-01
6.603990700000000288e+03  7.946658399999999567e-01
6.610942299999999705e+03  8.416970900000000366e-01
6.617893900000000031e+03  8.937007999999999619e-01
6.624845400000000154e+03  9.495791000000000093e-01
6.631796999999999571e+03  1.008058600000000027e+00
6.638748599999999897e+03  1.067844900000000097e+00
6.645700100000000020e+03  1.127764500000000059e+00
6.652651700000000346e+03  1.186926799999999949e+00
6.659603299999999763e+03  1.244927600000000023e+00
6.666554799999999886e+03  1.302076900000000093e+00
6.673506400000000212e+03  1.359572100000000061e+00
6.680457999999999629e+03  1.419510000000000050e+00
6.687409499999999753e+03  1.484642299999999970e+00
6.694361100000000079e+03  1.557860000000000023e+00
6.701312700000000405e+03  1.641504000000000074e+00
6.708264299999999821e+03  1.736705600000000072e+00
6.715215799999999945e+03  1.843000999999999889e+00
6.722167400000000271e+03  1.958406499999999939e+00
6.729118999999999687e+03  2.079995100000000097e+00
6.736070499999999811e+03  2.204823699999999942e+00
6.743022100000000137e+03  2.330900100000000030e+00
6.749973699999999553e+03  2.457827099999999820e+00
6.756925199999999677e+03  2.586844500000000213e+00
6.763876800000000003e+03  2.720205599999999890e+00
6.770828400000000329e+03  2.860079400000000049e+00
6.777779900000000453e+03  3.007387700000000219e+00
6.784731499999999869e+03  3.161052100000000031e+00
6.791683100000000195e+03  3.318017900000000076e+00
6.798634699999999611e+03  3.474151700000000176e+00
6.805586199999999735e+03  3.625776600000000016e+00
6.812537800000000061e+03  3.771331800000000012e+00
6.819489400000000387e+03  3.912533799999999840e+00
6.826440899999999601e+03  4.054531299999999838e+00
6.833392499999999927e+03  4.204857800000000090e+00
6.840344100000000253e+03  4.371398100000000397e+00
6.847295600000000377e+03  4.559954600000000191e+00
6.854247199999999793e+03  4.772191900000000153e+00
6.861198800000000119e+03  5.004673900000000231e+00
6.868150300000000243e+03  5.249397799999999670e+00
6.875101899999999659e+03  5.495760899999999616e+00
6.882053499999999985e+03  5.733428400000000202e+00
6.889005000000000109e+03  5.955254499999999673e+00
6.895956600000000435e+03  6.159353300000000253e+00
6.902908199999999852e+03  6.349652899999999711e+00
6.909859800000000178e+03  6.534713899999999853e+00
6.916811300000000301e+03  6.725119499999999917e+00
6.923762899999999718e+03  6.930178899999999587e+00
6.930714500000000044e+03  7.154893399999999737e+00
6.937666000000000167e+03  7.398058400000000034e+00
6.944617599999999584e+03  7.652031700000000214e+00
6.951569199999999910e+03  7.904221699999999906e+00
6.958520700000000033e+03  8.139856899999999840e+00
6.965472300000000359e+03  8.345263599999999116e+00
6.972423899999999776e+03  8.510772299999999291e+00
6.979375399999999900e+03  8.632521000000000555e+00
6.986327000000000226e+03  8.712765199999999766e+00
6.993278599999999642e+03  8.758727500000000887e+00
7.000230199999999968e+03  8.780405099999999408e+00
7.007181700000000092e+03  8.787983900000000403e+00
7.014133300000000418e+03  8.789552000000000476e+00
7.021084899999999834e+03  8.789639899999999173e+00
7.028036399999999958e+03  8.788834200000000152e+00
7.034988000000000284e+03  8.784379700000000568e+00
7.041939599999999700e+03  8.771428800000000692e+00
7.048891099999999824e+03  8.744469999999999743e+00
7.055842700000000150e+03  8.698512600000000816e+00
7.062794299999999566e+03  8.629785999999999291e+00
7.069745799999999690e+03  8.535950200000000265e+00
7.076697400000000016e+03  8.416028100000000123e+00
7.083649000000000342e+03  8.270349799999999973e+00
7.090600599999999758e+03  8.100732499999999447e+00
7.097552099999999882e+03  7.910914100000000282e+00
7.104503700000000208e+03  7.707017200000000123e+00
7.111455299999999625e+03  7.497647299999999682e+00
7.118406799999999748e+03  7.293239299999999758e+00
7.125358400000000074e+03  7.104479399999999778e+00
7.132310000000000400e+03  6.940002699999999969e+00
7.139261499999999614e+03  6.803954400000000291e+00
7.146213099999999940e+03  6.694242700000000212e+00
7.153164700000000266e+03  6.602267699999999628e+00
7.160116200000000390e+03  6.514539899999999939e+00
7.167067799999999806e+03  6.416006999999999572e+00
7.174019400000000132e+03  6.294273699999999749e+00
7.180970999999999549e+03  6.143469999999999764e+00
7.187922499999999673e+03  5.966486299999999687e+00
7.194874099999999999e+03  5.774707199999999929e+00
7.201825700000000325e+03  5.585125699999999860e+00
7.208777200000000448e+03  5.415580399999999628e+00
7.215728799999999865e+03  5.279512800000000006e+00
7.222680400000000191e+03  5.181866900000000165e+00
7.229631900000000314e+03  5.117440700000000398e+00
7.236583499999999731e+03  5.072250399999999715e+00
7.243535100000000057e+03  5.027514599999999945e+00
7.250486600000000180e+03  4.965044899999999650e+00
7.257438199999999597e+03  4.872397199999999984e+00
7.264389799999999923e+03  4.746238299999999910e+00
7.271341400000000249e+03  4.592975100000000310e+00
7.278292900000000373e+03  4.426553199999999855e+00
7.285244499999999789e+03  4.264192200000000099e+00
7.292196100000000115e+03  4.121394800000000025e+00
7.299147600000000239e+03  4.007697699999999585e+00
7.306099199999999655e+03  3.924312299999999976e+00
7.313050799999999981e+03  3.864165100000000130e+00
7.320002300000000105e+03  3.814123200000000047e+00
7.326953900000000431e+03  3.758596600000000176e+00
7.333905499999999847e+03  3.683419499999999847e+00
7.340856999999999971e+03  3.578966100000000150e+00
7.347808600000000297e+03  3.441802099999999864e+00
7.354760199999999713e+03  3.274663499999999949e+00
7.361711800000000039e+03  3.085027300000000139e+00
7.368663300000000163e+03  2.882867899999999928e+00
7.375614899999999579e+03  2.678296299999999963e+00
7.382566499999999905e+03  2.479676599999999898e+00
7.389518000000000029e+03  2.292571099999999973e+00
7.396469600000000355e+03  2.119567299999999932e+00
7.403421199999999772e+03  1.960805499999999979e+00
7.410372699999999895e+03  1.814880199999999943e+00
7.417324300000000221e+03  1.679783400000000038e+00
7.424275899999999638e+03  1.553639500000000062e+00
7.431227399999999761e+03  1.435117500000000046e+00
7.438179000000000087e+03  1.323536299999999999e+00
7.445130600000000413e+03  1.218760300000000019e+00
7.452082199999999830e+03  1.121010700000000027e+00
7.459033699999999953e+03  1.030685899999999933e+00
7.465985300000000279e+03  9.482350899999999472e-01
7.472936899999999696e+03  8.740786499999999570e-01
7.479888399999999820e+03  8.085423000000000471e-01
7.486840000000000146e+03  7.517760700000000185e-01
7.493791599999999562e+03  7.036533600000000055e-01
7.500743099999999686e+03  6.636741999999999919e-01
7.507694700000000012e+03  6.309140500000000040e-01
7.514646300000000338e+03  6.040560499999999555e-01
7.521597799999999552e+03  5.815216699999999905e-01
7.528549399999999878e+03  5.616825899999999816e-01
7.535501000000000204e+03  5.431072999999999595e-01
7.542452599999999620e+03  5.247814899999999616e-01
7.549404099999999744e+03  5.062458199999999575e-01
7.556355700000000070e+03  4.876159199999999805e-01
7.563307300000000396e+03  4.694803300000000013e-01
7.570258799999999610e+03  4.527023700000000206e-01
7.577210399999999936e+03  4.381744799999999773e-01
7.584162000000000262e+03  4.265822400000000014e-01
7.591113500000000386e+03  4.182302500000000256e-01
7.598065099999999802e+03  4.129648599999999892e-01
7.605016700000000128e+03  4.102041300000000001e-01
7.611968200000000252e+03  4.090599600000000002e-01
7.618919799999999668e+03  4.085163099999999936e-01
7.625871399999999994e+03  4.076167600000000224e-01
7.632823000000000320e+03  4.056162500000000115e-01
7.639774500000000444e+03  4.020659100000000263e-01
7.646726099999999860e+03  3.968205599999999889e-01
7.653677700000000186e+03  3.899811799999999828e-01
7.660629200000000310e+03  3.818003999999999842e-01
7.667580799999999726e+03  3.725843600000000033e-01
7.674532400000000052e+03  3.626181399999999777e-01
7.681483900000000176e+03  3.521283000000000052e-01
7.688435499999999593e+03  3.412798100000000168e-01
7.695387099999999919e+03  3.301940199999999770e-01
7.702338600000000042e+03  3.189703899999999925e-01
7.709290200000000368e+03  3.076995499999999883e-01
7.716241799999999785e+03  2.964636999999999967e-01
7.723193400000000111e+03  2.853288999999999964e-01
7.730144900000000234e+03  2.743378100000000153e-01
7.737096499999999651e+03  2.635105600000000048e-01
7.744048099999999977e+03  2.528562400000000099e-01
7.750999600000000100e+03  2.423916899999999930e-01
7.757951200000000426e+03  2.321600100000000000e-01
7.764902799999999843e+03  2.222409800000000046e-01
7.771854299999999967e+03  2.127477200000000013e-01
7.778805900000000292e+03  2.038089999999999902e-01
7.785757499999999709e+03  1.955407999999999868e-01
7.792708999999999833e+03  1.880148299999999939e-01
7.799660600000000159e+03  1.812331100000000028e-01
7.806612199999999575e+03  1.751173599999999997e-01
7.813563699999999699e+03  1.695189900000000083e-01
7.820515300000000025e+03  1.642496200000000128e-01
7.827466900000000351e+03  1.591260499999999911e-01
7.834418499999999767e+03  1.540166299999999877e-01
7.841369999999999891e+03  1.488737199999999872e-01
7.848321600000000217e+03  1.437390299999999899e-01
7.855273199999999633e+03  1.387172499999999864e-01
7.862224699999999757e+03  1.339253599999999933e-01
7.869176300000000083e+03  1.294360300000000075e-01
7.876127900000000409e+03  1.252382499999999954e-01
7.883079399999999623e+03  1.212338899999999969e-01
7.890030999999999949e+03  1.172752400000000028e-01
7.896982600000000275e+03  1.132315500000000003e-01
7.903934100000000399e+03  1.090584500000000012e-01
7.910885699999999815e+03  1.048405200000000065e-01
7.917837300000000141e+03  1.007859799999999972e-01
7.924788899999999558e+03  9.717091199999999818e-02
7.931740399999999681e+03  9.425096800000000441e-02
7.938692000000000007e+03  9.217231600000000413e-02
7.945643600000000333e+03  9.091492099999999577e-02
7.952595099999999547e+03  9.028900500000000551e-02
7.959546699999999873e+03  8.998551400000000255e-02
7.966498300000000199e+03  8.966169999999999696e-02
7.973449800000000323e+03  8.903170700000000160e-02
7.980401399999999740e+03  8.793293600000000321e-02
7.987353000000000065e+03  8.635057599999999833e-02
7.994304500000000189e+03  8.439890899999999418e-02
8.001256099999999606e+03  8.227199000000000317e-02
8.008207699999999932e+03  8.018308200000000274e-02
8.015159300000000258e+03  7.831083699999999426e-02
8.022110800000000381e+03  7.676347399999999821e-02
8.029062399999999798e+03  7.556429800000000196e-02
8.036014000000000124e+03  7.465645199999999815e-02
8.042965500000000247e+03  7.392256799999999406e-02
8.049917099999999664e+03  7.321493399999999541e-02
8.056868699999999990e+03  7.239152399999999876e-02
8.063820200000000114e+03  7.135184399999999760e-02
8.070771800000000439e+03  7.006453399999999776e-02
8.077723399999999856e+03  6.857828600000000219e-02
8.084674899999999980e+03  6.701065600000000178e-02
8.091626500000000306e+03  6.551597400000000460e-02
8.098578099999999722e+03  6.424143000000000214e-02
8.105529700000000048e+03  6.328593200000000307e-02
8.112481200000000172e+03  6.267629299999999404e-02
8.119432799999999588e+03  6.236901999999999724e-02
8.126384399999999914e+03  6.227574300000000146e-02
8.133335900000000038e+03  6.230076100000000311e-02
8.140287500000000364e+03  6.237459199999999954e-02
8.147239099999999780e+03  6.247006799999999666e-02
8.154190599999999904e+03  6.259602899999999748e-02
8.161142200000000230e+03  6.277401500000000245e-02
8.168093799999999646e+03  6.301062500000000066e-02
8.175045299999999770e+03  6.327929300000000035e-02
8.181996900000000096e+03  6.351989700000000572e-02
8.188948500000000422e+03  6.365588099999999749e-02
8.195900100000000748e+03  6.362060199999999832e-02
8.202851599999999962e+03  6.338105099999999381e-02
8.209803200000000288e+03  6.294904299999999620e-02
8.216754800000000614e+03  6.237591399999999758e-02
8.223706299999999828e+03  6.173374899999999749e-02
8.230657900000000154e+03  6.109092499999999731e-02
8.237609500000000480e+03  6.049094499999999736e-02
8.244560999999999694e+03  5.994125599999999832e-02
8.251512600000000020e+03  5.941474699999999692e-02
8.258464200000000346e+03  5.886263099999999859e-02
8.265415699999999561e+03  5.823468999999999868e-02
8.272367299999999886e+03  5.750147600000000275e-02
8.279318900000000212e+03  5.667276400000000047e-02
8.286270500000000538e+03  5.580697999999999909e-02
8.293221999999999753e+03  5.500765900000000042e-02
8.300173600000000079e+03  5.440551400000000204e-02
8.307125200000000405e+03  5.412852099999999889e-02
8.314076699999999619e+03  5.426664700000000119e-02
8.321028299999999945e+03  5.484095700000000267e-02
8.327979900000000271e+03  5.578712499999999991e-02
8.334931399999999485e+03  5.696005199999999713e-02
8.341882999999999811e+03  5.816007399999999911e-02
8.348834600000000137e+03  5.917432400000000037e-02
8.355786099999999351e+03  5.982185699999999912e-02
8.362737699999999677e+03  5.999022600000000066e-02
8.369689300000000003e+03  5.965446099999999890e-02
8.376640900000000329e+03  5.887544399999999900e-02
8.383592399999999543e+03  5.778079500000000285e-02
8.390543999999999869e+03  5.653537299999999988e-02
8.397495600000000195e+03  5.530932799999999788e-02
8.404447099999999409e+03  5.424994500000000081e-02
8.411398699999999735e+03  5.346089300000000238e-02
8.418350300000000061e+03  5.299039900000000053e-02
8.425301799999999275e+03  5.282886199999999727e-02
8.432253399999999601e+03  5.291600500000000207e-02
8.439204999999999927e+03  5.315672500000000189e-02
8.446156499999999141e+03  5.344298199999999999e-02
8.453108099999999467e+03  5.367678299999999875e-02
8.460059699999999793e+03  5.378808699999999832e-02
8.467011300000000119e+03  5.374258999999999981e-02
8.473962799999999334e+03  5.353802199999999761e-02
8.480914399999999659e+03  5.319254100000000290e-02
8.487865999999999985e+03  5.273233299999999929e-02
8.494817499999999200e+03  5.218563899999999894e-02
8.501769099999999526e+03  5.158634000000000136e-02
8.508720699999999852e+03  5.098383599999999766e-02
8.515672200000000885e+03  5.045062799999999736e-02
8.522623799999999392e+03  5.007809900000000092e-02
8.529575399999999718e+03  4.995578999999999992e-02
8.536526900000000751e+03  5.013829300000000044e-02
8.543478499999999258e+03  5.061248799999999715e-02
8.550430099999999584e+03  5.128145600000000304e-02
8.557381699999999910e+03  5.197730700000000037e-02
8.564333199999999124e+03  5.250421200000000149e-02
8.571284799999999450e+03  5.269955099999999726e-02
8.578236399999999776e+03  5.249143399999999654e-02
8.585187900000000809e+03  5.192973099999999981e-02
8.592139499999999316e+03  5.117637900000000101e-02
8.599091099999999642e+03  5.045590099999999745e-02
8.606042600000000675e+03  4.998259599999999719e-02
8.612994199999999182e+03  4.989010299999999815e-02
8.619945799999999508e+03  5.018833999999999795e-02
8.626897300000000541e+03  5.076246899999999757e-02
8.633848900000000867e+03  5.141302899999999898e-02
8.640800499999999374e+03  5.192198299999999794e-02
8.647752099999999700e+03  5.212147200000000202e-02
8.654703600000000733e+03  5.194300699999999937e-02
8.661655199999999240e+03  5.143323899999999865e-02
8.668606799999999566e+03  5.073454000000000158e-02
8.675558300000000600e+03  5.003960200000000247e-02
8.682509899999999107e+03  4.953580500000000220e-02
8.689461499999999432e+03  4.935587500000000044e-02
8.696413000000000466e+03  4.954732700000000212e-02
8.703364600000000792e+03  5.006647799999999759e-02
8.710316199999999299e+03  5.079572599999999938e-02
8.717267700000000332e+03  5.157712700000000039e-02
8.724219300000000658e+03  5.225199700000000141e-02
8.731170899999999165e+03  5.269576499999999858e-02
8.738122400000000198e+03  5.283949500000000021e-02
8.745074000000000524e+03  5.267388299999999773e-02
8.752025600000000850e+03  5.223700299999999713e-02
8.758977199999999357e+03  5.159209299999999859e-02
8.765928700000000390e+03  5.080444900000000152e-02
8.772880300000000716e+03  4.992589100000000002e-02
8.779831899999999223e+03  4.899145800000000162e-02
8.786783400000000256e+03  4.802729800000000299e-02
8.793735000000000582e+03  4.706377500000000214e-02
8.800686600000000908e+03  4.614570500000000214e-02
8.807638100000000122e+03  4.533345800000000009e-02
8.814589700000000448e+03  4.469341400000000075e-02
8.821541300000000774e+03  4.428166800000000319e-02
8.828492799999999988e+03  4.412812399999999774e-02
8.835444400000000314e+03  4.422777900000000179e-02
8.842396000000000640e+03  4.454221099999999822e-02
8.849347599999999147e+03  4.500935999999999826e-02
8.856299100000000180e+03  4.555614899999999717e-02
8.863250700000000506e+03  4.610833799999999871e-02
8.870202300000000832e+03  4.659501600000000299e-02
8.877153800000000047e+03  4.694945700000000000e-02
8.884105400000000373e+03  4.711096599999999718e-02
8.891057000000000698e+03  4.703192099999999737e-02
8.898008499999999913e+03  4.669052600000000303e-02
8.904960100000000239e+03  4.610485599999999962e-02
8.911911700000000565e+03  4.534059299999999848e-02
8.918863199999999779e+03  4.450558500000000028e-02
8.925814800000000105e+03  4.372920000000000279e-02
8.932766400000000431e+03  4.313124799999999703e-02
8.939718000000000757e+03  4.279070699999999727e-02
8.946669499999999971e+03  4.272567499999999768e-02
8.953621100000000297e+03  4.289215200000000283e-02
8.960572700000000623e+03  4.320192500000000213e-02
8.967524199999999837e+03  4.355242899999999667e-02
8.974475800000000163e+03  4.385725499999999777e-02
8.981427400000000489e+03  4.406664799999999993e-02
8.988378899999999703e+03  4.417229300000000136e-02
8.995330500000000029e+03  4.419729099999999966e-02
9.002282100000000355e+03  4.417752900000000010e-02
9.009233599999999569e+03  4.414249499999999687e-02
9.016185199999999895e+03  4.410204499999999944e-02
9.023136800000000221e+03  4.404193199999999891e-02
9.030088400000000547e+03  4.392748300000000328e-02
9.037039899999999761e+03  4.371283900000000333e-02
9.043991500000000087e+03  4.335310900000000078e-02
9.050943100000000413e+03  4.281748400000000288e-02
9.057894599999999627e+03  4.210170500000000315e-02
9.064846199999999953e+03  4.123773299999999864e-02
9.071797800000000279e+03  4.029750299999999841e-02
9.078749299999999494e+03  3.938751199999999952e-02
9.085700899999999820e+03  3.863272499999999970e-02
9.092652500000000146e+03  3.815174799999999922e-02
9.099603999999999360e+03  3.802914699999999926e-02
9.106555599999999686e+03  3.829311500000000257e-02
9.113507200000000012e+03  3.890596400000000121e-02
9.120458800000000338e+03  3.977088799999999730e-02
9.127410299999999552e+03  4.075278999999999707e-02
9.134361899999999878e+03  4.170615400000000222e-02
9.141313500000000204e+03  4.250108200000000253e-02
9.148264999999999418e+03  4.304066599999999826e-02
9.155216599999999744e+03  4.326737099999999892e-02
9.162168200000000070e+03  4.316093800000000286e-02
9.169119699999999284e+03  4.273295399999999661e-02
9.176071299999999610e+03  4.202255800000000152e-02
9.183022899999999936e+03  4.109459599999999713e-02
9.189974399999999150e+03  4.003792800000000041e-02
9.196925999999999476e+03  3.895977300000000310e-02
9.203877599999999802e+03  3.797318599999999905e-02
9.210829200000000128e+03  3.717834999999999890e-02
9.217780699999999342e+03  3.664241000000000026e-02
9.224732299999999668e+03  3.638472899999999760e-02
9.231683899999999994e+03  3.637351199999999674e-02
9.238635399999999208e+03  3.653585499999999903e-02
9.245586999999999534e+03  3.677838800000000213e-02
9.252538599999999860e+03  3.701189199999999763e-02
9.259490100000000893e+03  3.717227900000000251e-02
9.266441699999999400e+03  3.723228800000000227e-02
9.273393299999999726e+03  3.720198100000000202e-02
9.280344800000000760e+03  3.711979499999999710e-02
9.287296399999999267e+03  3.703820299999999871e-02
9.294247999999999593e+03  3.700828899999999977e-02
9.301199599999999919e+03  3.706654200000000093e-02
9.308151099999999133e+03  3.722577500000000261e-02
9.315102699999999459e+03  3.747109600000000235e-02
9.322054299999999785e+03  3.776148399999999794e-02
9.329005800000000818e+03  3.803707299999999764e-02
9.335957399999999325e+03  3.823141299999999881e-02
9.342908999999999651e+03  3.828650200000000003e-02
9.349860500000000684e+03  3.816695500000000241e-02
9.356812099999999191e+03  3.786917399999999850e-02
9.363763699999999517e+03  3.742253599999999930e-02
9.370715200000000550e+03  3.688215699999999875e-02
9.377666800000000876e+03  3.631581600000000076e-02
9.384618399999999383e+03  3.578963799999999862e-02
9.391569999999999709e+03  3.535715500000000122e-02
9.398521500000000742e+03  3.505439099999999725e-02
9.405473099999999249e+03  3.490061600000000236e-02
9.412424699999999575e+03  3.490207299999999874e-02
9.419376200000000608e+03  3.505535399999999691e-02
9.426327799999999115e+03  3.534847700000000315e-02
9.433279399999999441e+03  3.576001100000000127e-02
9.440230900000000474e+03  3.625844799999999868e-02
9.447182500000000800e+03  3.680409800000000037e-02
9.454134099999999307e+03  3.735419000000000239e-02
9.461085600000000341e+03  3.786945500000000325e-02
9.468037200000000666e+03  3.831903600000000076e-02
9.474988799999999173e+03  3.868098999999999843e-02
9.481940399999999499e+03  3.893815700000000102e-02
9.488891900000000533e+03  3.907214400000000309e-02
9.495843500000000859e+03  3.906004400000000210e-02
9.502795099999999366e+03  3.887773499999999660e-02
9.509746600000000399e+03  3.851034899999999928e-02
9.516698200000000725e+03  3.796620500000000287e-02
9.523649799999999232e+03  3.728749199999999847e-02
9.530601300000000265e+03  3.655108299999999810e-02
9.537552900000000591e+03  3.585630100000000015e-02
9.544504499999999098e+03  3.530197899999999722e-02
9.551456000000000131e+03  3.496007899999999807e-02
9.558407600000000457e+03  3.485519900000000337e-02
9.565359200000000783e+03  3.495745799999999681e-02
9.572310799999999290e+03  3.519128700000000165e-02
9.579262300000000323e+03  3.545684600000000020e-02
9.586213900000000649e+03  3.565661299999999673e-02
9.593165499999999156e+03  3.571877799999999964e-02
9.600117000000000189e+03  3.561129799999999956e-02
9.607068600000000515e+03  3.534454499999999805e-02
9.614020200000000841e+03  3.496424699999999691e-02
9.620971700000000055e+03  3.453858399999999718e-02
9.627923300000000381e+03  3.414334599999999803e-02
9.634874900000000707e+03  3.384787300000000054e-02
9.641826399999999921e+03  3.370323599999999753e-02
9.648778000000000247e+03  3.373355299999999946e-02
9.655729600000000573e+03  3.393161000000000094e-02
9.662681099999999788e+03  3.426015300000000152e-02
9.669632700000000114e+03  3.465970300000000004e-02
9.676584300000000439e+03  3.506208400000000031e-02
9.683535900000000765e+03  3.540665800000000057e-02
9.690487399999999980e+03  3.565465999999999774e-02
9.697439000000000306e+03  3.579705200000000281e-02
9.704390600000000632e+03  3.585328900000000346e-02
9.711342099999999846e+03  3.586153699999999889e-02
9.718293700000000172e+03  3.586393300000000062e-02
9.725245300000000498e+03  3.589193100000000192e-02
9.732196799999999712e+03  3.595625000000000210e-02
9.739148400000000038e+03  3.604372100000000079e-02
9.746100000000000364e+03  3.612077500000000080e-02
9.753051499999999578e+03  3.614150700000000327e-02
9.760003099999999904e+03  3.605788399999999838e-02
9.766954700000000230e+03  3.583032199999999778e-02
9.773906300000000556e+03  3.543767800000000023e-02
9.780857799999999770e+03  3.488581100000000268e-02
9.787809400000000096e+03  3.421317900000000328e-02
9.794761000000000422e+03  3.349099199999999721e-02
9.801712499999999636e+03  3.281551800000000185e-02
9.808664099999999962e+03  3.229170800000000230e-02
9.815615700000000288e+03  3.201047399999999710e-02
9.822567199999999502e+03  3.202515799999999802e-02
9.829518799999999828e+03  3.233459000000000333e-02
9.836470400000000154e+03  3.287912300000000315e-02
9.843421899999999368e+03  3.355233400000000310e-02
9.850373499999999694e+03  3.422577699999999890e-02
9.857325100000000020e+03  3.477963600000000266e-02
9.864276700000000346e+03  3.513010300000000280e-02
9.871228199999999561e+03  3.524572299999999964e-02
9.878179799999999886e+03  3.514904900000000165e-02
9.885131400000000212e+03  3.490492199999999795e-02
9.892082899999999427e+03  3.460049899999999984e-02
9.899034499999999753e+03  3.432350599999999669e-02
9.905986100000000079e+03  3.414412700000000328e-02
9.912937599999999293e+03  3.410345699999999675e-02
9.919889199999999619e+03  3.420903599999999822e-02
9.926840799999999945e+03  3.443658899999999662e-02
9.933792299999999159e+03  3.473682899999999685e-02
9.940743899999999485e+03  3.504632099999999834e-02
9.947695499999999811e+03  3.530122100000000068e-02
9.954647100000000137e+03  3.545182300000000036e-02
9.961598599999999351e+03  3.547472000000000125e-02
9.968550199999999677e+03  3.537895499999999666e-02
9.975501800000000003e+03  3.520365300000000142e-02
9.982453299999999217e+03  3.500717899999999938e-02
9.989404899999999543e+03  3.485106599999999999e-02
9.996356499999999869e+03  3.478420000000000123e-02
1.000330800000000090e+04  3.483284600000000064e-02
1.001026000000000022e+04  3.499971000000000332e-02
1.001721099999999933e+04  3.527140599999999820e-02
1.002416300000000047e+04  3.563006400000000296e-02
1.003111399999999958e+04  3.606320899999999885e-02
1.003806600000000071e+04  3.656718400000000257e-02
1.004501699999999983e+04  3.714268999999999904e-02
1.005196899999999914e+04  3.778495400000000254e-02
1.005892100000000028e+04  3.847361600000000215e-02
1.006587199999999939e+04  3.916762900000000241e-02
1.007282400000000052e+04  3.980819499999999761e-02
1.007977499999999964e+04  4.032933899999999877e-02
1.008672700000000077e+04  4.067270299999999755e-02
1.009367799999999988e+04  4.080175999999999942e-02
1.010062999999999920e+04  4.071133500000000127e-02
1.010758200000000033e+04  4.043027500000000163e-02
1.011453299999999945e+04  4.001733600000000057e-02
1.012148500000000058e+04  3.955183500000000046e-02
1.012843599999999969e+04  3.912111800000000333e-02
1.013538800000000083e+04  3.880672599999999972e-02
1.014233899999999994e+04  3.867100200000000293e-02
1.014929099999999926e+04  3.874611000000000027e-02
1.015624300000000039e+04  3.902784799999999693e-02
1.016319399999999951e+04  3.947663500000000297e-02
1.017014600000000064e+04  4.002701899999999702e-02
1.017709699999999975e+04  4.060480400000000129e-02
1.018404900000000089e+04  4.114812500000000067e-02
1.019100000000000000e+04  4.162660499999999708e-02
1.019795199999999932e+04  4.205234199999999950e-02
1.020490400000000045e+04  4.247828499999999757e-02
1.021185499999999956e+04  4.298333000000000015e-02
1.021880700000000070e+04  4.364774500000000168e-02
1.022575799999999981e+04  4.452590900000000240e-02
1.023270999999999913e+04  4.562449600000000050e-02
1.023966100000000006e+04  4.689281800000000278e-02
1.024661299999999937e+04  4.822860200000000236e-02
1.025356500000000051e+04  4.949814400000000086e-02
1.026051599999999962e+04  5.056584299999999921e-02
1.026746800000000076e+04  5.132567300000000221e-02
1.027441899999999987e+04  5.172657499999999686e-02
1.028137099999999919e+04  5.178519100000000125e-02
1.028832200000000012e+04  5.158238200000000301e-02
1.029527399999999943e+04  5.124395899999999865e-02
1.030222600000000057e+04  5.091021899999999961e-02
1.030917699999999968e+04  5.070210499999999731e-02
1.031612900000000081e+04  5.069316100000000047e-02
1.032307999999999993e+04  5.089526700000000098e-02
1.033003199999999924e+04  5.126233000000000178e-02
1.033698300000000017e+04  5.171073600000000020e-02
1.034393499999999949e+04  5.215003399999999789e-02
1.035088600000000042e+04  5.251395300000000210e-02
1.035783799999999974e+04  5.278182399999999802e-02
1.036479000000000087e+04  5.298388400000000192e-02
1.037174099999999999e+04  5.318959599999999871e-02
1.037869299999999930e+04  5.348383100000000251e-02
1.038564400000000023e+04  5.393941099999999961e-02
1.039259599999999955e+04  5.459478100000000195e-02
1.039954700000000048e+04  5.544275199999999792e-02
1.040649899999999980e+04  5.643178900000000303e-02
1.041345099999999911e+04  5.747716600000000314e-02
